function y = function_4_1_3(x)
    A = [
        0.78  -0.02  -0.12  -0.14
       -0.02   0.86  -0.04   0.06
       -0.12  -0.04   0.72  -0.08
       -014    0.06  -0.08   0.74
    ];
    
    b = [0.76  0.08  1.12  0.68];

    y = 0.5*x'*A*x - b*x;
end
