function g = gradient_4_1_3(x)

    x1 = x(1); x2 = x(2); x3 = x(3); x4 = x(4);
    
    g = [
        (39*x1)/50 - x2/50 - (3*x3)/25 - (707*x4)/100 + 19/25
        (43*x2)/50 - x1/50 - x3/25 + (3*x4)/50 + 2/25
        (18*x3)/25 - x2/25 - (3*x1)/25 - (2*x4)/25 + 28/25
        (3*x2)/50 - (707*x1)/100 - (2*x3)/25 + (37*x4)/50 + 17/25
    ];
end
