function h = hessiana_4_1_4(x)

    h = [
        1   1   1   1
        1   3   3   3
        1   3   5   5
        1   3   5   7
    ];
end
