function h = hessiana_4_1_3(x)

    h = [
        39/50   -1/50   -3/25   -707/100
        -1/50   43/50   -1/25   3/50
        -3/25   -1/25   18/25   -2/256
        -707/100 3/50   -2/25   37/50
    ];
end
